0 0.41919496324327254 0.2890517234802246 0.09968634711371528 0.07533702850341797
0 0.5654530843098958 0.6767879009246827 0.10795745849609376 0.08702306747436524
0 0.529280514187283 0.5227615356445312 0.10256991916232638 0.06875095367431641
0 0.48012110392252605 0.7225403308868408 0.12754601372612848 0.06415128707885742
0 0.16188015407986112 0.5289820671081543 0.08105248345269098 0.08129386901855469
0 0.5756149291992188 0.9338614463806152 0.11182318793402778 0.06305999755859375
0 0.1396236843532986 0.8183716773986817 0.1483671400282118 0.06321392059326172
0 0.9538425021701389 0.9694896697998047 0.08936292860243056 0.060243988037109376
0 0.5940270317925347 0.3384112358093262 0.1518680148654514 0.07736711502075196
0 0.5042157491048177 0.4621915817260742 0.11159006754557292 0.07495613098144531
0 0.3556198967827691 0.7746477127075195 0.09606051974826389 0.08759746551513672
0 0.9291659369352461 0.241353279437095 0.07392516949766235 0.08117521984285098
0 0.6590662638346354 0.8699325561523438 0.09528367784288194 0.08751144409179687
0 0.965968746609158 0.4902666091918945 0.06686197916666667 0.047518157958984376
0 0.8613798353407118 0.2449565887451172 0.08922865125868056 0.07688350677490234
0 0.10071343315972223 0.9721200942993165 0.09782553778754341 0.05563926696777344
0 0.9834506140814887 0.30078511238098143 0.03309877183702257 0.05221576690673828
