0 0.20745654635959201 0.5016979694366455 0.0560211181640625 0.03735542297363281
0 0.5393519083658854 0.5504208087921143 0.07268575032552084 0.027310562133789063
0 0.11822433471679687 0.728722333908081 0.06058264838324653 0.039092731475830075
0 0.239385986328125 0.4814924716949463 0.060351392957899305 0.030600547790527344
0 0.1290747324625651 0.6584972858428955 0.04727384779188368 0.04330310821533203
0 0.9156972249348958 0.8002241134643555 0.0720796373155382 0.026915740966796876
0 0.11137216356065538 0.6960626602172851 0.06228366427951389 0.023427391052246095
0 0.32843121422661675 0.35511801242828367 0.048407957288953994 0.039706993103027347
0 0.34615631103515626 0.5808850765228272 0.064764404296875 0.02736186981201172
0 0.07157414754231771 0.7534136295318603 0.04409552680121528 0.03502016067504883
0 0.04393967522515191 0.5093025207519531 0.08764478895399305 0.032268714904785153
0 0.8847720675998264 0.3168091535568237 0.07021094428168403 0.024529266357421874
0 0.44721391465928817 0.4400069236755371 0.04213138156467014 0.02746572494506836
0 0.5969254387749566 0.5470243453979492 0.04739803738064236 0.03984012603759766
0 0.5528596666124131 0.7757239818572998 0.049742804633246526 0.04371461868286133
0 0.8646743774414063 0.7743659496307373 0.03986545138888889 0.02993001937866211
0 0.12284706963433159 0.5987495422363281 0.04749433729383681 0.02670774459838867
0 0.05964397854275173 0.35699479579925536 0.043036397298177084 0.03573422431945801
0 0.8306447347005208 0.6402679920196533 0.04110480414496528 0.03449583053588867
0 0.2684625413682726 0.35421323776245117 0.061572096082899305 0.04061822891235352
0 0.7040195041232639 0.7595608234405518 0.05217319064670139 0.03814077377319336
0 0.17800064086914064 0.9668313026428222 0.07014007568359375 0.037119293212890626
0 0.8081591288248698 0.5961159229278564 0.0710081312391493 0.030098438262939453
0 0.02636739942762587 0.6984029293060303 0.05055940416124132 0.042331790924072264
0 0.09110175238715278 0.4395439147949219 0.0464996337890625 0.03912620544433594
0 0.5453937106662327 0.5244687080383301 0.0687772962782118 0.039510345458984374
0 0.23641255696614583 0.45007009506225587 0.058448876274956596 0.02648296356201172
0 0.7770348442925348 0.34168424606323244 0.056142171223958336 0.02934722900390625
0 0.31818559434678817 0.916811752319336 0.05903896755642361 0.030252456665039062
0 0.9649988810221354 0.6397167682647705 0.06717563205295139 0.02825927734375
0 0.4791841295030382 0.7274312019348145 0.07155015733506945 0.025307273864746092
0 0.9493378533257378 0.41010270118713377 0.07243567572699652 0.027198410034179686
0 0.832680426703559 0.8194951057434082 0.056599934895833336 0.031674957275390624
0 0.7870758056640625 0.7572070598602295 0.060124376085069445 0.02790822982788086
0 0.34478694068060983 0.8313459396362305 0.05702103508843316 0.04230232238769531
0 0.3565367168850369 0.4051990985870361 0.07282100253634982 0.027524566650390624
0 0.25790812174479166 0.5599008560180664 0.08198555840386285 0.027932357788085938
0 0.8285983615451389 0.41794376373291015 0.04547695583767361 0.03825950622558594
0 0.8480038113064237 0.6132954597473145 0.04073147243923611 0.031760215759277344
0 0.9838019476996528 0.7901796817779541 0.03214823404947917 0.04510297775268555
0 0.09858724806043836 0.8275593757629395 0.048711395263671874 0.03552951812744141
0 0.14176279703776043 0.8478248596191407 0.05447811550564236 0.029633712768554688
0 0.15714975992838542 0.46410703659057617 0.04794667561848958 0.0403289794921875
0 0.9715260823567708 0.7164129257202149 0.054997762044270836 0.029202842712402345
0 0.4872831556532118 0.40911159515380857 0.06420576307508681 0.02095956802368164
0 0.9228917439778646 0.7099167346954346 0.04511990017361111 0.036504173278808595
0 0.4644929673936632 0.3911741256713867 0.05442640516493055 0.02106056213378906
0 0.03245641920301649 0.5795763015747071 0.0620528327094184 0.022557640075683595
0 0.9143636067708333 0.6887169361114502 0.03920627170138889 0.025915145874023438
0 0.564518059624566 0.4856586933135986 0.08110792371961806 0.035634517669677734
0 0.45842386881510416 0.3728338718414307 0.06067437065972222 0.022278499603271485
0 0.5695108201768663 0.7465353012084961 0.06057569715711805 0.022210979461669923
0 0.07350311279296876 0.785149097442627 0.06396467420789931 0.03479461669921875
0 0.8839922587076823 0.6644474983215332 0.05660264756944444 0.0366729736328125
0 0.6036899990505642 0.48960323333740235 0.08618842230902778 0.031187820434570312
0 0.9831410725911458 0.6131532669067383 0.03363613552517361 0.03636608123779297
0 0.9576522803099912 0.8549120639232879 0.029533894856770833 0.026799392700195313
0 0.1716707017686632 0.9920783042907715 0.04681854248046875 0.01584339141845703
