0 0.19364259507921006 0.42231106758117676 0.08480970594618055 0.029813003540039063
0 0.9444753858778212 0.6753337860107422 0.07111172146267361 0.025592994689941407
0 0.9705394321017795 0.060722853243350985 0.058176676432291664 0.043358919024467465
0 0.3821144104003906 0.14797946214675903 0.05391354031032986 0.05391507148742676
0 0.9348409016927083 0.12285025119781494 0.06905517578125 0.031881856918334964
0 0.7088667975531684 0.06566195487976074 0.08375108506944444 0.03188719749450684
0 0.8970901489257812 0.5705027103424072 0.05240410698784722 0.03645343780517578
0 0.19470867580837672 0.1125808984041214 0.10113796657986111 0.03636903166770935
0 0.4144556681315104 0.8763221740722656 0.07828233506944444 0.023320770263671874
0 0.7357815212673611 0.5636475563049317 0.07601369222005208 0.029429054260253905
0 0.4451404995388455 0.3870365619659424 0.05870191786024306 0.03536853790283203
0 0.18775978088378906 0.3335892200469971 0.077154541015625 0.02951974868774414
0 0.8734398735894098 0.6747838020324707 0.05764567057291667 0.03197498321533203
0 0.31481920878092445 0.01441941261291504 0.0765152825249566 0.028549134731292725
0 0.6235895792643229 0.22733616828918457 0.08395860460069444 0.038675689697265626
0 0.33909259372287326 0.1954566240310669 0.07218136257595487 0.032674741744995114
0 0.16685952080620658 0.6172810554504394 0.07970174153645833 0.04072418212890625
0 0.7731814914279513 0.3268327236175537 0.05933736165364583 0.03295044898986817
0 0.7781005859375 0.6495060443878173 0.058711412217881946 0.03295192718505859
0 0.8694611443413629 0.5386728286743164 0.07624918619791667 0.03006877899169922
0 0.9258410983615452 0.5159899711608886 0.09903835720486111 0.03507814407348633
0 0.2895360310872396 0.4335808753967285 0.07531043158637153 0.02553901672363281
0 0.19683091905381944 0.08146568536758422 0.0915769788953993 0.03088092803955078
0 0.276841311984592 0.6882217407226563 0.08532460530598958 0.035053062438964847
0 0.961342536078559 0.9040244102478028 0.07656368679470486 0.033819389343261716
0 0.44044918484157985 0.48417863845825193 0.09293314615885416 0.02982816696166992
0 0.34510362413194445 0.5793232917785645 0.09414486355251736 0.030449676513671874
0 0.17682902018229166 0.8091563940048218 0.0676969740125868 0.029352998733520506
0 0.9634321424696181 0.5553958892822266 0.04924045138888889 0.03783683776855469
0 0.8801725599500868 0.3620138168334961 0.06969333224826389 0.026699924468994142
0 0.22385304768880207 0.6423316955566406 0.060416497124565975 0.037375259399414065
0 0.6972081502278645 0.5916623115539551 0.06315070258246527 0.020297813415527343
0 0.7533815171983507 0.22148938179016114 0.05642428927951389 0.03347005844116211
0 0.3726986355251736 0.4075873374938965 0.05476616753472222 0.033670806884765626
0 0.6605305989583333 0.9047964096069336 0.035803900824652776 0.027829551696777345
0 0.8352284749348958 0.3262015819549561 0.06518402099609374 0.03548650741577149
0 0.3251823425292969 0.28738064765930177 0.06645338270399305 0.0468407154083252
0 0.9431437174479167 0.3736122131347656 0.07044270833333334 0.026195240020751954
0 0.7166592068142361 0.3115515232086182 0.052071465386284724 0.03647899627685547
0 0.34514185587565105 0.8239458084106446 0.05148145887586805 0.02980518341064453
0 0.6657397800021702 0.4600083351135254 0.07648857964409722 0.0283782958984375
0 0.7027525160047743 0.766817283630371 0.06010250515407986 0.03154964447021484
0 0.6414620293511285 0.8154609680175782 0.08719329833984375 0.028017425537109376
0 0.4521518283420139 0.6049137592315674 0.055766126844618055 0.02601003646850586
0 0.3815422905815972 0.5031929969787597 0.04606577555338542 0.04257698059082031
0 0.3203561570909288 0.22694969177246094 0.05170084635416667 0.04063148498535156
0 0.28012318081325954 0.07701847553253174 0.05775850084092882 0.0335904598236084
0 0.3747775607638889 0.058042532205581664 0.06537950303819444 0.0252236008644104
0 0.7243126763237847 0.8583868980407715 0.08403116861979167 0.028854560852050782
0 0.8059721204969618 0.07777259349822999 0.06509331597222222 0.026617908477783205
0 0.4029535081651476 0.9020357131958008 0.04893035888671875 0.028033447265625
0 0.9730268690321181 0.1458963632583618 0.05349765353732639 0.03682441711425781
0 0.7520055135091146 0.4906606674194336 0.05794881184895833 0.030718517303466798
0 0.33191019694010415 0.6232961177825928 0.049395921495225696 0.042243671417236325
0 0.6313555399576823 0.7751967430114746 0.07119632297092014 0.027175712585449218
0 0.9749079386393229 0.08605771064758301 0.05018412272135417 0.041175222396850585
0 0.5207892523871528 0.6750859260559082 0.07617458767361111 0.028454971313476563
0 0.37861395941840276 0.22450270652770996 0.07867465549045138 0.02781682014465332
0 0.7036924574110243 0.7999160766601563 0.0815765380859375 0.031734466552734375
0 0.37687937418619794 0.542734432220459 0.05769890679253472 0.042165184020996095
0 0.04889895121256511 0.5853362083435059 0.055035569932725695 0.022886943817138673
0 0.7993593004014757 0.5150932312011719 0.06870388454861111 0.034478759765625
0 0.5507761637369791 0.7300194263458252 0.05541415744357639 0.044986629486083986
0 0.018981594509548613 0.4717094421386719 0.035905710856119794 0.019729042053222658
0 0.3605614556206597 0.9752211570739746 0.07198588053385417 0.026222038269042968
0 0.8709424336751302 0.20446643829345704 0.04547288682725695 0.041653013229370116
0 0.7404028998480903 0.3531883716583252 0.0619294908311632 0.037856769561767575
0 0.2311966790093316 0.21035794615745546 0.07783457438151041 0.024995720386505126
0 0.7708336724175348 0.5976916313171386 0.07707722981770833 0.035816001892089847
0 0.24279090033637152 0.8150331497192382 0.06638073391384548 0.023538970947265626
0 0.9076515197753906 0.8602090835571289 0.06278347439236111 0.02667083740234375
0 0.32778617011176214 0.7212785720825196 0.05757954915364583 0.03318595886230469
0 0.29744322035047743 0.2589528560638428 0.07077738444010416 0.027101612091064452
0 0.7956283569335938 0.185219144821167 0.06695115831163194 0.02677264213562012
0 0.4765018442951181 0.15687543513282895 0.08053656684027778 0.0386199951171875
0 0.3257872051662869 0.7516228199005127 0.07335743374294705 0.03196086883544922
0 0.55428466796875 0.2300133228302002 0.053420003255208334 0.04668407440185547
0 0.5095862494574652 0.8657536506652832 0.062495252821180555 0.025883865356445313
0 0.5254000345865886 0.26502878665924073 0.06582217746310765 0.03214387893676758
0 0.8409757826063368 0.5889967918395996 0.063104248046875 0.02705974578857422
0 0.27226189507378473 0.23474955558776855 0.047176700168185766 0.03166952133178711
0 0.754050530327691 0.38433189392089845 0.07567511664496528 0.029183197021484374
0 0.9582858615451388 0.8437083244323731 0.05089179144965278 0.025980567932128905
0 0.5039109971788195 0.3832911729812622 0.06164686414930556 0.029360008239746094
0 0.3819341023763021 0.852633285522461 0.08156500922309028 0.028675079345703125
0 0.7144214206271702 0.9866403579711914 0.0717434353298611 0.023883056640625
0 0.8144339667426215 0.3727935791015625 0.06270887586805556 0.02880544662475586
0 0.8044425116644965 0.5459217548370361 0.04480539957682292 0.02965860366821289
0 0.9583744472927518 0.6929022312164307 0.04734022352430556 0.026291465759277342
0 0.9659520467122396 0.2567784786224365 0.06805826822916666 0.062010765075683594
0 0.3994193183051215 0.8255496978759765 0.06605428059895833 0.04430809020996094
0 0.3497472127278646 0.8730354309082031 0.04597676595052083 0.03973236083984375
0 0.5480765448676215 0.31935155391693115 0.08051791720920139 0.04002399444580078
0 0.1781752692328559 0.6529285430908203 0.07013168334960937 0.03416290283203125
0 0.6472986857096354 0.2831592082977295 0.06818169487847223 0.034981822967529295
0 0.7143317328559028 0.6166286945343018 0.04748196072048611 0.03987827301025391
0 0.9713388231065538 0.9902053833007812 0.05526106092664931 0.01958160400390625
0 0.3246302074856228 0.4904470443725586 0.07978926764594184 0.027109432220458984
0 0.37671585083007814 0.787660551071167 0.07202724880642361 0.03199930191040039
0 0.8500605265299479 0.3883899450302124 0.07368943956163194 0.030640077590942384
0 0.5999274359809028 0.06394338458776475 0.04815945095486111 0.029157808423042296
0 0.2654635959201389 0.5234726905822754 0.06579403347439236 0.020003318786621094
0 0.691473388671875 0.6576610565185547 0.043574354383680555 0.03933162689208984
0 0.5334196302625868 0.3561058759689331 0.08005625406901042 0.029122638702392577
0 0.6966527303059896 0.4011666774749756 0.07746107313368056 0.024777793884277345
0 0.591020033094618 0.20246500372886658 0.06568501790364584 0.026737511157989502
0 0.1630877176920573 0.7174422264099121 0.07666566636827257 0.026915931701660158
0 0.3773444281684028 0.030927935242652894 0.05789218478732639 0.027995318174362183
0 0.8605397542317709 0.010467815399169921 0.05329182942708333 0.020829853415489197
0 0.9837042490641276 0.11522519588470459 0.03259150187174479 0.02902379035949707
0 0.86441650390625 0.5131994247436523 0.035435994466145836 0.027713966369628907
0 0.690383063422309 0.24723658561706544 0.04962310791015625 0.04143190383911133
0 0.5078155517578125 0.5193732738494873 0.06352199978298612 0.02207040786743164
0 0.7910290188259549 0.4708993911743164 0.06956719292534722 0.024225521087646484
0 0.48888753255208334 0.49759693145751954 0.05689866807725694 0.0270416259765625
0 0.39080725775824654 0.3157819747924805 0.04834120008680556 0.04096279144287109
0 0.1861527336968316 0.358868932723999 0.07901611328125 0.020634174346923828
0 0.6935623168945313 0.28712830543518064 0.06248016357421875 0.031854248046875
0 0.6502644856770833 0.3739187002182007 0.048434278700086805 0.026566839218139647
0 0.3717016432020399 0.25737786293029785 0.07928263346354167 0.027081060409545898
0 0.4563581678602431 0.11851484775543213 0.04755181206597222 0.03876984119415283
0 0.9721020572399968 0.26536365274399043 0.054653849929728805 0.04350012294829838
0 0.7423890007866754 0.7819323539733887 0.05812801784939236 0.025349998474121095
0 0.23255623711480033 0.6708252906799317 0.06632164849175347 0.023381614685058595
0 0.8317431131998698 0.3508582353591919 0.04895782470703125 0.017492341995239257
0 0.30006942749023435 0.5420001029968262 0.05625678168402778 0.026041412353515626
0 0.4456191168891059 0.2068063199520111 0.07108561197916667 0.02699052095413208
0 0.72650146484375 0.8298057556152344 0.04877115885416667 0.03146018981933594
0 0.6836866590711805 0.37372841835021975 0.035262044270833334 0.029979705810546875
0 0.4263792249891493 0.1506091833114624 0.04168701171875 0.043310236930847165
0 0.8796212090386285 0.34063713550567626 0.05006001790364583 0.023102521896362305
0 0.5171090867784288 0.005138038098812104 0.08426903618706597 0.010276076197624207
0 0.9801847669813368 0.5972161293029785 0.03840789794921875 0.02426280975341797
0 0.5667572021484375 0.2800282955169678 0.08630557590060764 0.029242610931396483
0 0.6426567077636719 0.2535454988479614 0.048956298828125 0.03108391761779785
0 0.6008683946397569 0.30010042190551756 0.05326673719618055 0.027959537506103516
0 0.9463172064887153 0.8709739685058594 0.029951646592881943 0.027557373046875
0 0.6051823086208767 0.3517885208129883 0.07138841417100694 0.034286212921142575
0 0.42510833740234377 0.29507625102996826 0.060191175672743055 0.02118072509765625
0 0.8903003268771701 0.0911089301109314 0.057759263780381945 0.02362077236175537
0 0.9829047309027777 0.8684535980224609 0.0332672119140625 0.040607452392578125
0 0.8320396423339844 0.50027437210083 0.04844021267361111 0.04015293121337891
0 0.3925454881456163 0.27935967445373533 0.05889739990234375 0.02499217987060547
0 0.45006671481662325 0.23158493041992187 0.06026797824435764 0.02899446487426758
0 0.7813373141818576 0.35829241275787355 0.04870808919270833 0.027851200103759764
0 0.8198007371690538 0.6160878658294677 0.04238908555772569 0.027457427978515626
0 0.5325520833333334 0.18130483627319335 0.06738518608940972 0.021834373474121094
0 0.6958227369520399 0.6714391708374023 0.04295383029513889 0.025871849060058592
0 0.9846009700176368 0.22121155753968255 0.02894620811287483 0.022160218253968248
0 0.5402336860670194 0.162078373015873 0.07275132275132273 0.026661706349206327
0 0.9830908289241624 0.3682415674603175 0.03483245149911803 0.04340277777777774
0 0.6129850088183422 0.3282490079365079 0.07495590828924163 0.027901785714285705
0 0.9812940917107583 0.5365017361111112 0.035559964726631414 0.04262152777777774
