0 0.8373258802625868 0.056699234247207644 0.14060804578993055 0.06264891624450683
0 0.3525567796495226 0.18154914379119874 0.16175960964626737 0.05616130828857422
0 0.15131081475151908 0.9124992370605469 0.16863572862413195 0.06216506958007813
0 0.16642413669162326 0.10391930341720582 0.1514452616373698 0.052762389183044434
0 0.7920423719618056 0.25464277267456054 0.1429990980360243 0.052921104431152347
0 0.5070526970757379 0.1822261929512024 0.13107130262586805 0.06182982921600342
0 0.5383455912272136 0.316771936416626 0.16500735812717013 0.06448297500610352
0 0.29042553371853297 0.6542072772979737 0.13843434651692707 0.056409454345703124
0 0.7627982245551215 0.7704309940338134 0.10712721082899306 0.036466789245605466
0 0.05107792748345269 0.7704829216003418 0.10215585496690538 0.06111469268798828
0 0.6443047417534722 0.47273950576782225 0.1306820339626736 0.04570331573486328
0 0.7583043416341145 0.49131264686584475 0.12571614583333332 0.05918550491333008
0 0.4657304551866319 0.8887467384338379 0.13821445041232638 0.051026535034179685
0 0.8474341498480903 0.1370481014251709 0.14986741807725695 0.06346945762634278
0 0.30619820488823785 0.9786377906799316 0.11966332329644097 0.04272441864013672
0 0.34553629557291665 0.04445794522762299 0.09093153211805556 0.05125851035118103
0 0.33385789659288195 0.5204871654510498 0.15266825358072916 0.060871219635009764
0 0.7956349690755208 0.8188119888305664 0.12042643229166666 0.06467113494873047
0 0.7746225992838541 0.615507984161377 0.13603990342881944 0.051430702209472656
0 0.9306798299153646 0.602132511138916 0.11198866102430556 0.05070781707763672
0 0.15417370266384547 0.7330532073974609 0.1183353000217014 0.0539031982421875
0 0.9021224975585938 0.2497863292694092 0.08240763346354167 0.06322021484375
0 0.20901540120442708 0.5392407417297364 0.1898405287000868 0.06514053344726563
0 0.4429455227322049 0.11724338531494141 0.10851813422309028 0.04623203277587891
0 0.25491231282552085 0.44588298797607423 0.13840196397569443 0.05818805694580078
0 0.84842529296875 0.9076231002807618 0.09523874918619792 0.034506607055664065
0 0.09834387037489149 0.836638069152832 0.10607070922851562 0.03882179260253906
0 0.9646080440945095 0.04868892133235932 0.0707839118109809 0.05454532504081726
0 0.04004493289523654 0.6758571624755859 0.08008986579047309 0.05535964965820313
0 0.667893303765191 0.6754702091217041 0.12758653428819444 0.04448232650756836
0 0.9679862552218967 0.8152252197265625 0.0640274895562066 0.04832038879394531
0 0.1314748975965712 0.6923407554626465 0.1108669704861111 0.06831130981445313
0 0.1407335917154948 0.6366582393646241 0.09063279893663194 0.06488142013549805
0 0.4343629625108507 0.41332160234451293 0.12661014133029513 0.03712632656097412
0 0.48087310791015625 0.8384853363037109 0.15559811062282985 0.055576324462890625
0 0.03081147935655382 0.08729825019836426 0.06048829820421007 0.04920518398284912
0 0.49025938245985246 0.7537202835083008 0.1110716078016493 0.03760251998901367
0 0.2372968037923177 0.6050488471984863 0.1401545206705729 0.042181396484375
0 0.46833360460069445 0.4977121353149414 0.1257408989800347 0.04090099334716797
0 0.15980567932128906 0.7833058357238769 0.14722569783528647 0.05691547393798828
0 0.5737449645996093 0.7160552978515625 0.1256383260091146 0.04905128479003906
0 0.17855877346462673 0.9780740737915039 0.11600545247395834 0.0433807373046875
0 0.6811613294813368 0.9125125885009766 0.10322180853949653 0.04348773956298828
0 0.9196689181857639 0.34707164764404297 0.13385721842447917 0.043025875091552736
0 0.9056428697374131 0.09864349365234375 0.09306979709201389 0.04814810752868652
0 0.24513333638509113 0.7460818290710449 0.09595870971679688 0.06763839721679688
0 0.09924129909939236 0.9641130447387696 0.1093410915798611 0.04574565887451172
0 0.9356957329644098 0.924867820739746 0.12156287299262153 0.06455326080322266
0 0.9748622470431858 0.10924944877624512 0.05027550591362847 0.05096790790557861
0 0.44430643717447915 0.3650537967681885 0.10326826307508681 0.04352140426635742
0 0.25933638678656684 0.7947998046875 0.09364522298177083 0.033941459655761716
0 0.45584420098198786 0.5427181243896484 0.11235622829861111 0.0510040283203125
0 0.8500211927625868 0.8702682495117188 0.10852762858072916 0.04745216369628906
0 0.3460870530870226 0.8262715339660645 0.09183739556206597 0.040828704833984375
0 0.33536944919162326 0.7430307388305664 0.11789449055989583 0.06471309661865235
0 0.058060540093315974 0.8739119529724121 0.11493123372395833 0.04259967803955078
0 0.5607508341471354 0.9850687026977539 0.12298210991753472 0.029862594604492188
0 0.9402755313449436 0.3859698295593262 0.11944893731011284 0.042858314514160153
0 0.2846811082628038 0.9216184616088867 0.12117886013454861 0.05673675537109375
0 0.712746344672309 0.01240922287106514 0.08024800618489583 0.02481844574213028
0 0.6542310926649305 0.8687591552734375 0.08859151204427083 0.046649742126464847
0 0.8340870327419705 0.6420032501220703 0.1019405788845486 0.041625595092773436
0 0.4281595018174913 0.9821130752563476 0.13649156358506945 0.035773849487304686
0 0.23298221164279515 0.6908772468566895 0.1413233439127604 0.04482574462890625
0 0.8584343804253473 0.9542011260986328 0.16824713812934028 0.045104598999023436
0 0.7868199666341146 0.010933056473731995 0.0900997585720486 0.02165532410144806
0 0.33605162302652997 0.007669676840305328 0.1471686045328776 0.015304458141326905
0 0.902276611328125 0.30733375549316405 0.09655354817708334 0.04116668701171875
0 0.9819668240017361 0.009260109066963196 0.035300360785590276 0.018505668640136717
0 0.4389495849609375 0.45049362182617186 0.1197967529296875 0.036554145812988284
0 0.1672252231174045 0.5815065860748291 0.09343973795572917 0.03794031143188477
