0 0.09281319512261285 0.8208804845809936 0.10630306667751736 0.05826115608215332
0 0.14759462144639757 0.44458160400390623 0.08964369032118055 0.060706710815429686
0 0.43616316053602433 0.7151069641113281 0.10928293863932291 0.04742975234985351
0 0.14915046691894532 0.5915996551513671 0.11878424750434027 0.04783954620361328
0 0.3872030470106337 0.5845585346221924 0.093133544921875 0.060980606079101565
0 0.41532533433702257 0.23825786113739014 0.0956390380859375 0.08761277198791503
0 0.167073482937283 0.8977777481079101 0.10687679714626735 0.04723796844482422
0 0.15841208563910592 0.11868792772293091 0.11478932698567708 0.10137906074523925
0 0.7737868414984809 0.811406421661377 0.08802388509114584 0.09081039428710938
0 0.15644989013671876 0.33106293678283694 0.08773413764105903 0.06917810440063477
0 0.23643023173014324 0.046517854928970336 0.11553709242078992 0.08723300695419312
0 0.6999413384331598 0.38762803077697755 0.1162533230251736 0.047713851928710936
0 0.06293767293294271 0.11337878704071044 0.07773378160264757 0.08462505340576172
0 0.6018302917480469 0.7074618339538574 0.09288126627604167 0.05821723937988281
0 0.32377387152777776 0.2413097858428955 0.10229678683810764 0.03850641250610352
0 0.179108640882704 0.8455432891845703 0.12002487182617187 0.06349639892578125
0 0.9127132839626736 0.7319622039794922 0.1067623562282986 0.04989156723022461
0 0.36871702406141493 0.8394309997558593 0.11137576633029514 0.07188644409179687
0 0.07346034579806858 0.5347554206848144 0.11745741102430556 0.0647268295288086
0 0.32439685397677953 0.18890396356582642 0.06534372965494792 0.05930163860321045
0 0.49998575846354165 0.8644601821899414 0.08735758463541667 0.06841545104980469
0 0.8452698601616754 0.5241471290588379 0.0815183851453993 0.06165895462036133
0 0.04454939100477431 0.8748392105102539 0.08909878200954861 0.058495712280273435
0 0.3490105523003472 0.6400579452514649 0.1330076429578993 0.044887733459472653
0 0.6911349826388888 0.5315075397491456 0.06612548828125 0.05666646957397461
0 0.23838873969184027 0.5281306266784668 0.11734110514322917 0.04233245849609375
0 0.033610958523220484 0.18116979598999022 0.06478144327799479 0.05847883224487305
0 0.4261116875542535 0.8961982727050781 0.07898898654513889 0.06597328186035156
0 0.059699461195203994 0.9342300415039062 0.07100779215494792 0.06737480163574219
0 0.8329377916124132 0.20187101364135743 0.10172017415364583 0.05255112648010254
0 0.9076908535427517 0.37101192474365235 0.09424268934461806 0.0388798713684082
0 0.34351687961154515 0.888361930847168 0.07409837510850695 0.057848358154296876
0 0.2391490936279297 0.1989823341369629 0.11023059421115451 0.0396003246307373
0 0.02817899915907118 0.2546181917190552 0.05567898220486111 0.054395103454589845
0 0.6642661200629341 0.9571622848510742 0.10174560546875 0.05441780090332031
0 0.5600257025824653 0.8016835927963257 0.07775709364149305 0.06806988716125488
0 0.3014537811279297 0.5862993717193603 0.08228581746419271 0.04558219909667969
0 0.9590365939670139 0.6020564079284668 0.07946133083767361 0.06626262664794921
0 0.4731840345594618 0.512759017944336 0.08807644314236111 0.04573841094970703
0 0.9444198608398438 0.3335396766662598 0.10111083984375 0.057320356369018555
0 0.8401295979817708 0.24252285957336425 0.0843292236328125 0.041968154907226565
0 0.72412109375 0.14949703216552734 0.09929945203993056 0.07564001083374024
0 0.26212183634440106 0.8839075088500976 0.0660434299045139 0.06344547271728515
0 0.9009484185112847 0.6893799781799317 0.11191575792100694 0.039336204528808594
0 0.927726067437066 0.07083492428064346 0.08209754096137153 0.044893333315849306
0 0.8554440816243489 0.8531497955322266 0.08124254014756944 0.043038558959960935
0 0.06793734232584635 0.5888545036315918 0.07329949273003472 0.06306085586547852
0 0.1884280734592014 0.7904151916503906 0.12356431749131945 0.05136604309082031
0 0.6403966267903646 0.6278185844421387 0.09469231499565972 0.04754962921142578
0 0.5106291029188368 0.189758038520813 0.11268480088975695 0.045688199996948245
0 0.07310579087999132 0.23088627457618713 0.07017754448784722 0.06518400907516479
0 0.5692333645290799 0.23452475070953369 0.08237236870659723 0.055782413482666014
0 0.8237218221028646 0.08078432083129883 0.07572292751736111 0.043558168411254886
0 0.825482177734375 0.4472977161407471 0.07148064507378472 0.029868316650390626
0 0.7576775444878472 0.6999742984771729 0.10971137152777778 0.03845396041870117
0 0.8061648898654514 0.3868652105331421 0.06400587293836806 0.06130099296569824
0 0.039436255560980904 0.013413389027118684 0.07439032660590278 0.026826778054237367
0 0.5901101854112413 0.44134950637817383 0.06071997748480903 0.05805845260620117
0 0.4136756049262153 0.477716064453125 0.11166822645399306 0.03517417907714844
0 0.6381231519911025 0.7486043453216553 0.10315450032552083 0.04588813781738281
0 0.7614917331271701 0.6436367034912109 0.06861419677734375 0.06235218048095703
0 0.710166252983941 0.631002950668335 0.06733567979600695 0.04903879165649414
0 0.3303966098361545 0.28573923110961913 0.13501434326171874 0.04974298477172852
0 0.7612347073025174 0.5672200202941895 0.07808685302734375 0.042154693603515626
0 0.12382253011067708 0.04116212129592896 0.11804283989800347 0.08232424259185792
0 0.9679935879177517 0.5095084190368653 0.06295996771918402 0.04227924346923828
0 0.7554251776801215 0.0672868549823761 0.06776021321614584 0.05455008745193481
0 0.6442771063910591 0.2155834197998047 0.08794352213541666 0.06071171760559082
0 0.12207467271467291 0.18149495728221945 0.13342267103155936 0.0631289125960551
0 0.22671305338541667 0.5666767120361328 0.08027860853407118 0.0428462028503418
0 0.5009169684516059 0.04242216944694519 0.09921485053168402 0.04262460470199585
0 0.39998287624782985 0.3248272895812988 0.079010009765625 0.043407440185546875
0 0.024385494656032985 0.812961483001709 0.04602779812282986 0.04980258941650391
0 0.5406063503689236 0.8986373901367187 0.105096435546875 0.06238250732421875
0 0.7610633002387153 0.8633983612060547 0.08040398491753473 0.04422760009765625
0 0.31961712307400175 0.9748615264892578 0.1634709676106771 0.04999465942382812
0 0.6844129774305555 0.4451469421386719 0.089599609375 0.07708911895751953
0 0.6482837253146702 0.4779829025268555 0.06594679090711805 0.032867717742919925
0 0.08939196268717448 0.9777651786804199 0.10704659356011284 0.04434986114501953
0 0.02261623806423611 0.30039105415344236 0.04523247612847222 0.04464273452758789
0 0.07047178480360243 0.6784653663635254 0.10771891276041666 0.07503318786621094
0 0.6082700941297743 0.13684180974960328 0.08639424641927083 0.05079720020294189
0 0.9620655483669704 0.9511878967285157 0.06935170491536459 0.04261512756347656
0 0.68609619140625 0.5968540191650391 0.0612394544813368 0.033818817138671874
0 0.556398688422309 0.3374164581298828 0.15333251953125 0.06854724884033203
0 0.39705429077148435 0.44210329055786135 0.10126597086588542 0.03684654235839844
0 0.6463419596354166 0.06625897735357285 0.06753133138020834 0.0616998702287674
0 0.6790647718641493 0.3400600433349609 0.08913302951388889 0.027958250045776366
0 0.2710919698079427 0.3709752082824707 0.09976671006944444 0.06658725738525391
0 0.7804923163519966 0.9864568710327148 0.07893185085720486 0.027086257934570312
0 0.7539229498969184 0.2726438045501709 0.05825992160373264 0.05525674819946289
0 0.3538365681966146 0.08091841787099838 0.11091664632161459 0.07685473263263702
0 0.1470548841688368 0.6564646244049073 0.061610582139756946 0.0561732292175293
0 0.8868170844184028 0.9754175186157227 0.11339959038628472 0.04719257354736328
0 0.522499762641059 0.46206092834472656 0.07205369737413195 0.056275367736816406
0 0.028020392523871528 0.7698904037475586 0.05186614990234375 0.03892173767089844
0 0.021754158867730036 0.6170089721679688 0.040840996636284724 0.05282182693481445
0 0.6001073201497396 0.37451944351196287 0.06690148247612847 0.049888324737548825
0 0.7481552124023437 0.22172129154205322 0.07681172688802083 0.05031428337097168
0 0.49498782687717013 0.08494488596916198 0.08936326768663194 0.06170591115951538
0 0.7450251261393229 0.4637599468231201 0.04915432400173611 0.058318138122558594
0 0.6349424574110243 0.10659725368022918 0.0671505398220486 0.05302792191505432
0 0.70213623046875 0.7891017913818359 0.057855224609375 0.04049224853515625
0 0.979366217719184 0.894956111907959 0.03349660237630208 0.056620025634765626
0 0.8137208726671007 0.6560209274291993 0.07125786675347222 0.041186046600341794
0 0.20670496622721354 0.9862585067749023 0.07478468153211805 0.02726402282714844
0 0.8987799750434028 0.89027099609375 0.058857557508680554 0.044716262817382814
0 0.6903292181069959 0.026620370370370367 0.15432098765432106 0.04976851851851852
0 0.590877914951989 0.30565200617283955 0.046296296296296294 0.044367283950617245
0 0.8395061728395061 0.15567129629629636 0.10459533607681763 0.05304783950617287
0 0.2865226337448561 0.40499614197530875 0.09602194787379972 0.05594135802469135
0 0.40226337448559674 0.4030671296296297 0.09087791495198913 0.06172839506172837
0 0.4939986282578875 0.7787422839506173 0.08230452674897122 0.04340277777777774
0 0.4379050925925926 0.976171875 0.08530092592592593 0.048177083333333336
0 0.49635416666666665 0.9794270833333333 0.06099537037037037 0.04114583333333333
0 0.6851851851851852 0.908203125 0.10069444444444445 0.07682291666666667
0 0.6290509259259259 0.8723958333333334 0.06944444444444445 0.046875
